90
93
29
87
84
6
34
80
75
55
12
24
50
65
43
30
75
61
41
36
8
66
100
72
39
65
38
50
80
1
46
29
50
90
51
28
6
51
74
31
48
48
79
94
95
31
5
37
45
60
40
53
25
47
67
20
60
89
13
45
99
2
71
49
20
9
4
98
43
89
70
48
100
18
1
6
9
73
34
82
76
33
36
54
24
7
63
83
64
13
87
11
66
7
92
93
2
64
62
8
10
22
5
83
72
14
37
25
80
67
90
11
64
3
59
0
83
100
46
6
44
23
9
89
30
51
99
7
64
0
46
36
84
41
25
32
26
75
6
46
93
48
67
59
3
24
96
76
34
0
39
49
82
62
63
67
57
15
39
4
92
16
62
99
36
12
11
61
8
33
5
5
35
74
72
55
35
29
62
1
43
73
92
8
61
81
44
40
58
88
48
29
69
74
59
59
1
48
83
10
29
21
31
89
83
36
20
47
75
31
72
55
87
24
62
3
51
79
39
79
76
3
82
58
13
7
49
95
72
15
11
39
31
23
0
83
5
31
43
48
53
81
20
45
63
45
10
33
12
84
77
72
7
69
26
94
96
38
29
82
14
29
25
71
65
99
58
93
3
29
14
27
40
7
56
3
45
2
95
51
92
95
99
1
84
1
4
18
11
66
26
79
91
84
23
87
29
91
15
65
65
88
19
98
78
95
36
93
30
52
47
94
44
35
42
30
27
82
99
73
52
49
36
60
28
66
83
16
16
62
35
18
78
69
77
45
28
56
77
28
24
73
26
43
82
90
13
6
88
96
35
65
48
90
63
53
25
49
45
73
80
94
55
70
68
33
61
81
62
57
48
21
42
50
82
85
12
99
36
82
72
16
54
33
50
39
17
53
53
54
56
27
14
2
55
11
91
70
30
9
38
6
62
0
53
52
92
1
73
27
17
63
70
74
66
81
14
9
77
7
38
70
27
21
30
94
63
40
17
8
3
60
52
13
9
18
52
82
38
62
17
62
70
97
80
71
34
23
23
77
5
86
56
7
41
19
32
63
0
46
38
30
14
46
33
94
22
10
55
95
79
73
35
86
35
77
6
52
84
7
86
80
41
6
75
70
81
99
20
67
74
83
30
57
90
5
94
2
14
33
98
57
100
99
55
70
43
84
7
11
50
19
31
20
39
98
97
29
42
52
82
13
36
27
70
78
24
38
84
18
57
86
70
36
72
74
17
17
34
56
24
65
41
19
15
89
16
35
90
94
63
20
16
78
91
28
52
23
90
3
60
52
89
89
91
32
61
